- header:
    seq: 7
    stamp: 123.877
    frame_id: map
  point:
    x: 0.5155408978462219
    y: -0.6904540657997131
    z: 0.002471923828125
- header:
    seq: 8
    stamp: 126.412
    frame_id: map
  point:
    x: 0.3954150080680847
    y: 0.6204082369804382
    z: 0.002471923828125
- header:
    seq: 9
    stamp: 128.077
    frame_id: map
  point:
    x: -1.76685357093811
    y: 0.8805794715881348
    z: 0.002471923828125