- header:
    seq: 0
    stamp: 1751956293.271701
    frame_id: map
  point:
    x: 2.270176078033447
    y: -1.281394839286804
    z: 0.002471923828125
- header:
    seq: 1
    stamp: 1751956306.992229
    frame_id: map
  point:
    x: 8.270140171051025
    y: -1.281394839286804
    z: -0.001373291015625