- header:
    seq: 0
    stamp: 27.934
    frame_id: map
  point:
    x: -0.3904215097427368
    y: -0.5603868365287781
    z: 0.002471923828125
- header:
    seq: 1
    stamp: 29.496
    frame_id: map
  point:
    x: 0.6106593608856201
    y: 0.6004143357276917
    z: 0.008453369140625
- header:
    seq: 2
    stamp: 30.536
    frame_id: map
  point:
    x: -1.671804785728455
    y: 1.290891408920288
    z: -0.001434326171875