- header:
    seq: 0
    stamp: 176.769
    frame_id: map
  point:
    x: 1.904719829559326
    y: -0.8575425148010254
    z: 0.002471923828125
- header:
    seq: 1
    stamp: 177.724
    frame_id: map
  point:
    x: 1.799960494041443
    y: 1.391124248504639
    z: 0.002471923828125
- header:
    seq: 2
    stamp: 178.848
    frame_id: map
  point:
    x: 0.5714161992073059
    y: 1.915178179740906
    z: -0.001434326171875