- header:
    seq: 1
    stamp: 233.148
    frame_id: map
  polygon:
    name: 234
    size: 100
  point:
    x: 0.7803864777088165
    y: -0.08312368392944336
    z: -0.00335693359375